"Muestra" "Actividad (umol/(min*mg)" "proteina (mg/mL)" "Nisina (U/mL)" "OD600" "pH" "Lactato (mM)" "Acetato (mM)"
"1" "Nis0-1" 2.2575694573723 0.305912294440094 0 1.809 5.67 69.4837103283527 11.3137473195961
"2" "Nis0-2" 1.43789618937349 0.345197076481337 0 1.932 5.51 52.1421259216071 9.73897271020812
"3" "Nis0-3" 1.14452803033369 0.343369877316628 0 1.91 5.48 58.413331466705 12.2767837791066
"4" "Nis0-4" 1.70041777347226 0.370777864787262 0 1.936 5.48 57.8851779561323 10.9518611666469
"5" "Nis0.05-1" 11.192315225448 0.348851474810755 0.05 1.761 5.98 39.2699223516362 8.55542067013402
"6" "Nis0.05-2" 9.41713391652451 0.288553902375359 0.05 1.728 5.92 45.0562756071701 10.5673571291383
"7" "Nis0.05-3" 21.4490865831629 0.276677107804751 0.05 1.711 6.04 31.1622134499736 7.69295113434845
"8" "Nis0.05-4" 5.82397720553659 0.303171495693031 0.05 1.926 5.81 51.6392332006707 11.5607149206708
"9" "Nis0.1-1" 19.8372250531607 0.256577916992953 0.1 1.558 6.06 28.6464313450868 7.85451247770924
"10" "Nis0.1-2" 19.9079857000144 0.306825894022449 0.1 1.618 6.12 23.5981033469961 8.74540386532052
"11" "Nis0.1-3" 15.4878965682352 0.344283476898982 0.1 1.545 6.09 27.5408584591495 7.69031296740918
"12" "Nis0.1-4" 20.3959659196084 0.289467501957714 0.1 1.702 6.1 25.9774939307067 7.15469472761935
"13" "Nis0.15-1" 24.4760818349171 0.268454711563561 0.15 1.61 6.15 26.1524777435891 13.1629968173455
"14" "Nis0.15-2" 22.0495483801751 0.334233881493083 0.15 1.661 6.15 27.621600900257 11.3816361488333
"15" "Nis0.15-3" 28.2308500318424 0.267541111981206 0.15 1.527 6.15 28.4521095292021 12.6725791711152
"16" "Nis0.15-4" 17.6775925686301 0.33149308274602 0.15 1.562 6.2 29.6625555028506 9.15002832268588
"17" "Nis0.2-1" 31.9338414108795 0.336974680240146 0.2 1.632 6.21 24.7085525908334 14.4929495347694
"18" "Nis0.2-2" 25.4338967009833 0.376259462281389 0.2 1.668 6.21 23.4610002542809 18.1743532085019
"19" "Nis0.2-3" 24.045953790429 0.337888279822501 0.2 1.55 6.27 22.2428525651509 11.0351217152502
"20" "Nis0.2-4" 17.161619066392 0.336061080657792 0.2 1.536 6.11 33.976499815492 8.20384095602754
"21" "Nis0.25-1" 32.0893868790402 0.324184286087184 0.25 1.696 6.19 20.6502089607337 14.3409559435084
"22" "Nis0.25-2" 34.7927975888398 0.306825894022449 0.25 1.561 6.24 21.8885945815772 23.2948241842663
"23" "Nis0.25-3" 29.0590550969492 0.304085095275385 0.25 1.52 6.23 19.9389094931542 16.5699256027165
"24" "Nis0.25-4" 29.2863604204651 0.296776298616549 0.25 1.472 6.22 24.4101948302245 22.6747494268607
"25" "Nis0.3-1" 34.7744717760082 0.336061080657792 0.3 1.5 6.25 22.086097540813 22.5347507012836
"26" "Nis0.3-2" 33.3607194368754 0.361641868963717 0.3 1.597 6.26 20.1809066021553 28.8048644780628
"27" "Nis0.3-3" 38.0864990504902 0.303171495693031 0.3 1.575 6.26 19.0612697140345 26.4667802342465
"28" "Nis0.3-4" 33.1338092095873 0.362555468546072 0.3 1.625 6.25 21.2951229894346 25.2712333284885
"29" "Nis0.35-1" 36.7531871016261 0.349765074393109 0.35 1.584 6.26 23.9644999038829 24.630088411128
"30" "Nis0.35-2" 23.3637147845272 0.345197076481337 0.35 1.548 6.18 25.1766410920804 7.52502301477423
"31" "Nis0.35-3" 36.5806570841314 0.332406682328374 0.35 1.522 6.24 21.883801937976 23.3980644504897
"32" "Nis0.35-4" 41.8139234471073 0.326011485251893 0.35 1.675 6.33 21.2315210509884 25.3012029049186
